SetDesc:         "C times PDFs"
SetIndex:        1
Authors:         UCLA
Reference:       None
Format:          lhagrid1
DataVersion:     1
NumMembers:      2
Particle:        2212
Flavors:         [-5, -4, -3, -2, -1, 1, 2, 3, 4, 5, 21]
ForcePositive:   0
OrderQCD:        1
FlavorScheme:    variable
NumFlavors:      5
ErrorType:       hessian
ErrorConfLevel:  90
XMin:            0.05
XMax:            1E0
QMin:            1.0
QMax:            316E0
MZ:              91.1876
MUp:             0
MDown:           0
MStrange:        0
MCharm:          1.3
MBottom:         4.75
MTop:            172
AlphaS_MZ:       0.118000
AlphaS_OrderQCD: 1
AlphaS_Type:     ipol
AlphaS_Qs:       [1.295000e+00, 1.770272e+00, 2.419972e+00, 3.308115e+00, 4.522212e+00, 6.181889e+00, 8.450676e+00, 1.155212e+01, 1.579181e+01, 2.158750e+01, 2.951023e+01, 4.034065e+01, 5.514589e+01, 7.538474e+01, 1.030514e+02, 1.408718e+02, 1.925725e+02, 2.632477e+02, 3.598611e+02, 4.919321e+02, 6.724739e+02, 9.192756e+02, 1.256655e+03, 1.717854e+03, 2.348316e+03, 3.210161e+03, 4.388309e+03, 5.998842e+03, 8.200451e+03, 1.121006e+04, 1.532422e+04, 2.094829e+04, 2.863643e+04, 3.914616e+04, 5.351302e+04, 7.315259e+04, 1.000000e+05]
AlphaS_Vals:     [3.696405e-01, 3.121878e-01, 2.719613e-01, 2.413328e-01, 2.171980e-01, 1.993067e-01, 1.842238e-01, 1.713259e-01, 1.601629e-01, 1.504017e-01, 1.417903e-01, 1.341339e-01, 1.272799e-01, 1.211070e-01, 1.155171e-01, 1.104305e-01, 1.059132e-01, 1.020337e-01, 9.843214e-02, 9.507936e-02, 9.195028e-02, 8.902306e-02, 8.627864e-02, 8.370029e-02, 8.127327e-02, 7.898455e-02, 7.682255e-02, 7.477697e-02, 7.283859e-02, 7.099914e-02, 6.925120e-02, 6.758806e-02, 6.600365e-02, 6.449249e-02, 6.304959e-02, 6.167038e-02, 6.035073e-02]
